/*---------------------------------------------------------------------------*\
| =========                 |                                                 |
| \\      /  F ield         | foam-extend: Open Source CFD                    |
|  \\    /   O peration     | Version:     4.0                                |
|   \\  /    A nd           | Web:         http://www.foam-extend.org         |
|    \\/     M anipulation  | For copyright notice see file Copyright         |
\*---------------------------------------------------------------------------*/
Build    : 4.0-268bb07d15d8
Exec     : reactiveTransportALEFoam -parallel
Date     : Aug 24 2022
Time     : 21:32:59
Host     : EGIS-Linux-02
PID      : 1522078
CtrlDict : "/home/jm44/works/testcase/micromodel/system/controlDict"
Case     : /home/jm44/works/testcase/micromodel
nProcs   : 24
Slaves : 
23
(
EGIS-Linux-02.1522079
EGIS-Linux-02.1522080
EGIS-Linux-02.1522081
EGIS-Linux-02.1522082
EGIS-Linux-02.1522083
EGIS-Linux-02.1522084
EGIS-Linux-02.1522085
EGIS-Linux-02.1522086
EGIS-Linux-02.1522087
EGIS-Linux-02.1522088
EGIS-Linux-02.1522089
EGIS-Linux-02.1522090
EGIS-Linux-02.1522091
EGIS-Linux-02.1522094
EGIS-Linux-02.1522097
EGIS-Linux-02.1522098
EGIS-Linux-02.1522099
EGIS-Linux-02.1522102
EGIS-Linux-02.1522103
EGIS-Linux-02.1522104
EGIS-Linux-02.1522106
EGIS-Linux-02.1522107
EGIS-Linux-02.1522108
)

Pstream initialized with:
    nProcsSimpleSum   : 0
    commsType         : blocking
SigFpe   : Enabling floating point exception trapping (FOAM_SIGFPE).

// * * * * * * * * * * * * * * * * * * * * * * * * * * * * * * * * * * * * * //
Create time

Create dynamic mesh for time = 14280.39883

Selecting dynamicFvMesh dynamicMotionSolverFvMesh
Selecting motion solver: velocityLaplacian
--> FOAM Warning : 
    From function dlLibraryTable::open(const dictionary& dict, const word& libsEntry, const TablePtr tablePtr)
    in file /usr/local/foam/foam-extend-4.0/src/foam/lnInclude/dlLibraryTableTemplates.C at line 67
    library "libfvMotionSolver.so" did not introduce any new entries

Selecting motion diffusion: quadratic
Selecting motion diffusion: inverseDistance

SIMPLE: convergence criteria
    field p	 tolerance 1e-05
    field U	 tolerance 1e-05

Reading field p

Reading field U

Reading transportProperties

Reading/calculating face flux field phi

Create species mixture

Read species diffusion coefficients

Selecting incompressible transport model Newtonian
Selecting RAS turbulence model laminar
Mesh Courant Number mean: 0 max: 0

Starting time loop

Courant Number mean: 1.272014542 max: 36.35644226 velocity magnitude: 0.0002328027783
Mesh Courant Number mean: 0 max: 0
deltaT = 5.99880024
Time = 14286.39763

DICPCG:  Solving for cellMotionUx, Initial residual = 0.00313182039, Final residual = 9.12990695e-07, No Iterations 20
DICPCG:  Solving for cellMotionUy, Initial residual = 0.01240430117, Final residual = 8.542555786e-07, No Iterations 20

STEADYSTATE: convergence criteria
    field p	 tolerance 1e-06
    field U	 tolerance 1e-06
    field C	 tolerance 1e-06

GAMG:  Solving for p, Initial residual = 0.0001644751703, Final residual = 6.148917406e-06, No Iterations 2
time step continuity errors : sum local = 1.038305652e-05, global = 5.243952396e-09, cumulative = 5.243952396e-09
BiCGStab:  Solving for C, Initial residual = 1.385477965e-06, Final residual = 2.224414951e-09, No Iterations 1
C concentration =   Min(Yi) = 2.375145687e-36  Max(Yi) = 0.009999893216
GAMG:  Solving for p, Initial residual = 6.600443773e-05, Final residual = 4.00195538e-06, No Iterations 2
time step continuity errors : sum local = 6.756993921e-06, global = -5.634886344e-09, cumulative = -3.909339472e-10
BiCGStab:  Solving for C, Initial residual = 1.203544442e-06, Final residual = 2.968203871e-09, No Iterations 1
C concentration =   Min(Yi) = 2.375091349e-36  Max(Yi) = 0.009999893229
GAMG:  Solving for p, Initial residual = 5.029533637e-05, Final residual = 3.61913176e-06, No Iterations 3
time step continuity errors : sum local = 6.112274424e-06, global = -9.019691592e-09, cumulative = -9.41062554e-09
BiCGStab:  Solving for C, Initial residual = 1.128699475e-06, Final residual = 1.855076076e-09, No Iterations 1
C concentration =   Min(Yi) = 2.375036992e-36  Max(Yi) = 0.009999893243
GAMG:  Solving for p, Initial residual = 4.287323638e-05, Final residual = 3.651742123e-06, No Iterations 3
time step continuity errors : sum local = 6.170511855e-06, global = -1.200367005e-08, cumulative = -2.141429559e-08
BiCGStab:  Solving for C, Initial residual = 1.087409634e-06, Final residual = 9.634979146e-10, No Iterations 1
C concentration =   Min(Yi) = 2.37498261e-36  Max(Yi) = 0.009999893256
GAMG:  Solving for p, Initial residual = 3.6266107e-05, Final residual = 3.203260531e-06, No Iterations 3
time step continuity errors : sum local = 5.415486409e-06, global = -1.310312532e-08, cumulative = -3.451742091e-08
BiCGStab:  Solving for C, Initial residual = 1.0617173e-06, Final residual = 4.889688023e-10, No Iterations 1
C concentration =   Min(Yi) = 2.374928217e-36  Max(Yi) = 0.009999893269
GAMG:  Solving for p, Initial residual = 2.903608404e-05, Final residual = 2.59410015e-06, No Iterations 3
time step continuity errors : sum local = 4.38751698e-06, global = -1.279381831e-08, cumulative = -4.731123923e-08
BiCGStab:  Solving for C, Initial residual = 1.045435237e-06, Final residual = 2.889364778e-10, No Iterations 1
C concentration =   Min(Yi) = 2.374873824e-36  Max(Yi) = 0.009999893283
GAMG:  Solving for p, Initial residual = 2.263873296e-05, Final residual = 1.983574354e-06, No Iterations 2
time step continuity errors : sum local = 3.35593657e-06, global = -1.482450907e-08, cumulative = -6.21357483e-08
BiCGStab:  Solving for C, Initial residual = 1.034339036e-06, Final residual = 2.021968372e-10, No Iterations 1
C concentration =   Min(Yi) = 2.374819435e-36  Max(Yi) = 0.009999893296
GAMG:  Solving for p, Initial residual = 1.877738595e-05, Final residual = 1.579059475e-06, No Iterations 2
time step continuity errors : sum local = 2.671789138e-06, global = -1.534795914e-08, cumulative = -7.748370745e-08
BiCGStab:  Solving for C, Initial residual = 1.026725798e-06, Final residual = 1.458644404e-10, No Iterations 1
C concentration =   Min(Yi) = 2.37476505e-36  Max(Yi) = 0.00999989331
GAMG:  Solving for p, Initial residual = 1.774216644e-05, Final residual = 1.384493173e-06, No Iterations 3
time step continuity errors : sum local = 2.342536105e-06, global = -1.472786902e-08, cumulative = -9.221157647e-08
BiCGStab:  Solving for C, Initial residual = 1.019858716e-06, Final residual = 9.677173395e-11, No Iterations 1
C concentration =   Min(Yi) = 2.374710669e-36  Max(Yi) = 0.009999893323
GAMG:  Solving for p, Initial residual = 1.736394102e-05, Final residual = 1.456459052e-06, No Iterations 3
time step continuity errors : sum local = 2.464081884e-06, global = -1.186750779e-08, cumulative = -1.040790843e-07
BiCGStab:  Solving for C, Initial residual = 1.014945196e-06, Final residual = 6.316999988e-11, No Iterations 1
C concentration =   Min(Yi) = 2.374656294e-36  Max(Yi) = 0.009999893336
GAMG:  Solving for p, Initial residual = 1.744593411e-05, Final residual = 1.633741412e-06, No Iterations 3
time step continuity errors : sum local = 2.763602847e-06, global = -8.252783241e-09, cumulative = -1.123318675e-07
BiCGStab:  Solving for C, Initial residual = 1.010921597e-06, Final residual = 5.279476722e-11, No Iterations 1
C concentration =   Min(Yi) = 2.374601926e-36  Max(Yi) = 0.009999893349
GAMG:  Solving for p, Initial residual = 1.764724007e-05, Final residual = 1.70686129e-06, No Iterations 3
time step continuity errors : sum local = 2.886752372e-06, global = -6.086524021e-09, cumulative = -1.184183915e-07
BiCGStab:  Solving for C, Initial residual = 1.007501451e-06, Final residual = 5.098572466e-11, No Iterations 1
C concentration =   Min(Yi) = 2.374547569e-36  Max(Yi) = 0.009999893362
GAMG:  Solving for p, Initial residual = 1.746988884e-05, Final residual = 1.72701549e-06, No Iterations 3
time step continuity errors : sum local = 2.920199727e-06, global = -3.912518405e-09, cumulative = -1.223309099e-07
BiCGStab:  Solving for C, Initial residual = 1.004632609e-06, Final residual = 5.072788785e-11, No Iterations 1
C concentration =   Min(Yi) = 2.374493225e-36  Max(Yi) = 0.009999893376
GAMG:  Solving for p, Initial residual = 1.673076697e-05, Final residual = 8.67205217e-07, No Iterations 4
time step continuity errors : sum local = 1.466018604e-06, global = -1.636329183e-10, cumulative = -1.224945428e-07
BiCGStab:  Solving for C, Initial residual = 1.001594387e-06, Final residual = 5.014428863e-11, No Iterations 1
C concentration =   Min(Yi) = 2.374438898e-36  Max(Yi) = 0.009999893389
GAMG:  Solving for p, Initial residual = 1.531495986e-05, Final residual = 8.387850665e-07, No Iterations 4
time step continuity errors : sum local = 1.417636423e-06, global = 1.439920555e-09, cumulative = -1.210546223e-07
BiCGStab:  Solving for C, Initial residual = 9.990288258e-07, Final residual = 9.990288258e-07, No Iterations 0
C concentration =   Min(Yi) = 2.374438898e-36  Max(Yi) = 0.009999893389
GAMG:  Solving for p, Initial residual = 1.36353274e-05, Final residual = 8.111235452e-07, No Iterations 4
time step continuity errors : sum local = 1.370580317e-06, global = 2.770724941e-09, cumulative = -1.182838973e-07
BiCGStab:  Solving for C, Initial residual = 1.000210714e-06, Final residual = 4.958204453e-11, No Iterations 1
C concentration =   Min(Yi) = 2.374384588e-36  Max(Yi) = 0.009999893402
GAMG:  Solving for p, Initial residual = 1.180887636e-05, Final residual = 7.743132081e-07, No Iterations 4
time step continuity errors : sum local = 1.308118295e-06, global = 3.767449362e-09, cumulative = -1.14516448e-07
BiCGStab:  Solving for C, Initial residual = 9.977386532e-07, Final residual = 9.977386532e-07, No Iterations 0
C concentration =   Min(Yi) = 2.374384588e-36  Max(Yi) = 0.009999893402
GAMG:  Solving for p, Initial residual = 9.94993976e-06, Final residual = 6.815718679e-07, No Iterations 4
time step continuity errors : sum local = 1.151240794e-06, global = 4.424366716e-09, cumulative = -1.100920813e-07
BiCGStab:  Solving for C, Initial residual = 9.989507654e-07, Final residual = 9.989507654e-07, No Iterations 0
C concentration =   Min(Yi) = 2.374384588e-36  Max(Yi) = 0.009999893402
GAMG:  Solving for p, Initial residual = 8.175381328e-06, Final residual = 8.699339234e-07, No Iterations 2
time step continuity errors : sum local = 1.469189608e-06, global = 8.190463702e-09, cumulative = -1.019016176e-07
BiCGStab:  Solving for C, Initial residual = 1.000214298e-06, Final residual = 4.930973923e-11, No Iterations 1
C concentration =   Min(Yi) = 2.374330296e-36  Max(Yi) = 0.009999893416
GAMG:  Solving for p, Initial residual = 6.553065423e-06, Final residual = 8.665878958e-07, No Iterations 2
time step continuity errors : sum local = 1.463447148e-06, global = 9.459508521e-09, cumulative = -9.244210904e-08
BiCGStab:  Solving for C, Initial residual = 9.97582389e-07, Final residual = 9.97582389e-07, No Iterations 0
C concentration =   Min(Yi) = 2.374330296e-36  Max(Yi) = 0.009999893416
GAMG:  Solving for p, Initial residual = 5.277152544e-06, Final residual = 8.082066921e-07, No Iterations 3
time step continuity errors : sum local = 1.364780923e-06, global = 9.060643696e-09, cumulative = -8.338146535e-08
BiCGStab:  Solving for C, Initial residual = 9.990092586e-07, Final residual = 9.990092586e-07, No Iterations 0
C concentration =   Min(Yi) = 2.374330296e-36  Max(Yi) = 0.009999893416
GAMG:  Solving for p, Initial residual = 4.249804276e-06, Final residual = 9.210298875e-07, No Iterations 1
time step continuity errors : sum local = 1.555208598e-06, global = 1.363876062e-08, cumulative = -6.974270473e-08
BiCGStab:  Solving for C, Initial residual = 9.997204637e-07, Final residual = 9.997204637e-07, No Iterations 0
C concentration =   Min(Yi) = 2.374330296e-36  Max(Yi) = 0.009999893416
GAMG:  Solving for p, Initial residual = 3.487440282e-06, Final residual = 9.430436501e-07, No Iterations 1
time step continuity errors : sum local = 1.592364026e-06, global = 1.52533364e-08, cumulative = -5.448936833e-08
BiCGStab:  Solving for C, Initial residual = 1.000664717e-06, Final residual = 4.874611396e-11, No Iterations 1
C concentration =   Min(Yi) = 2.374276023e-36  Max(Yi) = 0.00999989343
GAMG:  Solving for p, Initial residual = 2.977099814e-06, Final residual = 8.48465775e-07, No Iterations 2
time step continuity errors : sum local = 1.432652842e-06, global = 1.421022717e-08, cumulative = -4.027914116e-08
BiCGStab:  Solving for C, Initial residual = 9.986579487e-07, Final residual = 9.986579487e-07, No Iterations 0
C concentration =   Min(Yi) = 2.374276023e-36  Max(Yi) = 0.00999989343
GAMG:  Solving for p, Initial residual = 2.607607318e-06, Final residual = 9.038714282e-07, No Iterations 2
time step continuity errors : sum local = 1.52620574e-06, global = 1.42944918e-08, cumulative = -2.598464936e-08
BiCGStab:  Solving for C, Initial residual = 9.998956651e-07, Final residual = 9.998956651e-07, No Iterations 0
C concentration =   Min(Yi) = 2.374276023e-36  Max(Yi) = 0.00999989343
GAMG:  Solving for p, Initial residual = 2.444702479e-06, Final residual = 9.536242205e-07, No Iterations 1
time step continuity errors : sum local = 1.61021219e-06, global = 1.612003218e-08, cumulative = -9.864617173e-09
BiCGStab:  Solving for C, Initial residual = 1.000638086e-06, Final residual = 4.849801142e-11, No Iterations 1
C concentration =   Min(Yi) = 2.374221768e-36  Max(Yi) = 0.009999893445
GAMG:  Solving for p, Initial residual = 2.217528854e-06, Final residual = 9.619586033e-07, No Iterations 1
time step continuity errors : sum local = 1.62428628e-06, global = 1.615283806e-08, cumulative = 6.288220888e-09
BiCGStab:  Solving for C, Initial residual = 9.982655969e-07, Final residual = 9.982655969e-07, No Iterations 0
C concentration =   Min(Yi) = 2.374221768e-36  Max(Yi) = 0.009999893445
GAMG:  Solving for p, Initial residual = 2.055743704e-06, Final residual = 9.606658825e-07, No Iterations 1
time step continuity errors : sum local = 1.622107554e-06, global = 1.596980687e-08, cumulative = 2.225802776e-08
BiCGStab:  Solving for C, Initial residual = 9.994478924e-07, Final residual = 9.994478924e-07, No Iterations 0
C concentration =   Min(Yi) = 2.374221768e-36  Max(Yi) = 0.009999893445
GAMG:  Solving for p, Initial residual = 1.913460982e-06, Final residual = 9.606663805e-07, No Iterations 1
time step continuity errors : sum local = 1.622112608e-06, global = 1.560254047e-08, cumulative = 3.786056822e-08
BiCGStab:  Solving for C, Initial residual = 1.000670844e-06, Final residual = 4.842517849e-11, No Iterations 1
C concentration =   Min(Yi) = 2.374167532e-36  Max(Yi) = 0.00999989346
GAMG:  Solving for p, Initial residual = 1.78126451e-06, Final residual = 9.514498007e-07, No Iterations 1
time step continuity errors : sum local = 1.606551662e-06, global = 1.501266159e-08, cumulative = 5.287322981e-08
BiCGStab:  Solving for C, Initial residual = 9.984312389e-07, Final residual = 9.984312389e-07, No Iterations 0
C concentration =   Min(Yi) = 2.374167532e-36  Max(Yi) = 0.00999989346
GAMG:  Solving for p, Initial residual = 1.66106855e-06, Final residual = 9.725486192e-07, No Iterations 1
time step continuity errors : sum local = 1.64217871e-06, global = 1.424713649e-08, cumulative = 6.71203663e-08
BiCGStab:  Solving for C, Initial residual = 9.996942149e-07, Final residual = 9.996942149e-07, No Iterations 0
C concentration =   Min(Yi) = 2.374167532e-36  Max(Yi) = 0.00999989346
GAMG:  Solving for p, Initial residual = 1.561249019e-06, Final residual = 6.667017617e-07, No Iterations 3
time step continuity errors : sum local = 1.125746861e-06, global = 6.079668295e-09, cumulative = 7.320003459e-08
BiCGStab:  Solving for C, Initial residual = 1.000860111e-06, Final residual = 4.826044038e-11, No Iterations 1
C concentration =   Min(Yi) = 2.374113315e-36  Max(Yi) = 0.009999893475
GAMG:  Solving for p, Initial residual = 1.496116583e-06, Final residual = 9.790718479e-07, No Iterations 1
time step continuity errors : sum local = 1.653099644e-06, global = 1.01691888e-08, cumulative = 8.336922339e-08
BiCGStab:  Solving for C, Initial residual = 9.987507412e-07, Final residual = 9.987507412e-07, No Iterations 0
C concentration =   Min(Yi) = 2.374113315e-36  Max(Yi) = 0.009999893475
GAMG:  Solving for p, Initial residual = 1.406405183e-06, Final residual = 6.595148037e-07, No Iterations 2
time step continuity errors : sum local = 1.113546621e-06, global = 4.952140519e-09, cumulative = 8.832136391e-08
BiCGStab:  Solving for C, Initial residual = 9.996764053e-07, Final residual = 9.996764053e-07, No Iterations 0
C concentration =   Min(Yi) = 2.374113315e-36  Max(Yi) = 0.009999893475
GAMG:  Solving for p, Initial residual = 1.225673572e-06, Final residual = 4.668128384e-07, No Iterations 2
time step continuity errors : sum local = 7.881513643e-07, global = 3.126141812e-09, cumulative = 9.144750572e-08
BiCGStab:  Solving for C, Initial residual = 1.00084214e-06, Final residual = 4.801293098e-11, No Iterations 1
C concentration =   Min(Yi) = 2.374059116e-36  Max(Yi) = 0.009999893491
GAMG:  Solving for p, Initial residual = 1.122573902e-06, Final residual = 5.940095515e-07, No Iterations 1
time step continuity errors : sum local = 1.002876917e-06, global = 3.156538216e-09, cumulative = 9.460404394e-08
BiCGStab:  Solving for C, Initial residual = 9.985345366e-07, Final residual = 9.985345366e-07, No Iterations 0
C concentration =   Min(Yi) = 2.374059116e-36  Max(Yi) = 0.009999893491
GAMG:  Solving for p, Initial residual = 9.405879935e-07, Final residual = 9.405879935e-07, No Iterations 0
time step continuity errors : sum local = 1.587981284e-06, global = 1.292475752e-09, cumulative = 9.589651969e-08
BiCGStab:  Solving for C, Initial residual = 9.998451643e-07, Final residual = 9.998451643e-07, No Iterations 0
C concentration =   Min(Yi) = 2.374059116e-36  Max(Yi) = 0.009999893491

STEADYSTATE solution converged in 37 iterations

ExecutionTime = 3.19 s  ClockTime = 3 s

Courant Number mean: 1.526126048 max: 43.57908667 velocity magnitude: 0.0002325897166
Mesh Courant Number mean: 8.560263222e-09 max: 0.005709951898
deltaT = 5.25170846
Time = 14291.64934

DICPCG:  Solving for cellMotionUx, Initial residual = 0.9999999928, Final residual = 7.981749209e-07, No Iterations 17
DICPCG:  Solving for cellMotionUy, Initial residual = 0.9999999735, Final residual = 9.492777248e-07, No Iterations 17

STEADYSTATE: convergence criteria
    field p	 tolerance 1e-06
    field U	 tolerance 1e-06
    field C	 tolerance 1e-06

GAMG:  Solving for p, Initial residual = 1.2568556e-06, Final residual = 4.665238509e-07, No Iterations 1
time step continuity errors : sum local = 6.895337914e-07, global = 8.321123889e-10, cumulative = 9.672863208e-08
BiCGStab:  Solving for C, Initial residual = 1.029847627e-06, Final residual = 5.578932947e-11, No Iterations 1
C concentration =   Min(Yi) = 2.374004936e-36  Max(Yi) = 0.009999893507
GAMG:  Solving for p, Initial residual = 1.008264615e-06, Final residual = 4.471579814e-07, No Iterations 1
time step continuity errors : sum local = 6.609099876e-07, global = -3.846837078e-10, cumulative = 9.634394837e-08
BiCGStab:  Solving for C, Initial residual = 1.024956172e-06, Final residual = 5.41757517e-11, No Iterations 1
C concentration =   Min(Yi) = 2.373950775e-36  Max(Yi) = 0.009999893522
GAMG:  Solving for p, Initial residual = 8.544752849e-07, Final residual = 8.544752849e-07, No Iterations 0
time step continuity errors : sum local = 1.262933732e-06, global = -3.147355346e-09, cumulative = 9.319659303e-08
BiCGStab:  Solving for C, Initial residual = 1.021405336e-06, Final residual = 5.314449427e-11, No Iterations 1
C concentration =   Min(Yi) = 2.373896632e-36  Max(Yi) = 0.009999893538
GAMG:  Solving for p, Initial residual = 9.629083853e-07, Final residual = 9.629083853e-07, No Iterations 0
time step continuity errors : sum local = 1.423200259e-06, global = -4.757157178e-09, cumulative = 8.843943585e-08
BiCGStab:  Solving for C, Initial residual = 1.017533642e-06, Final residual = 5.208897367e-11, No Iterations 1
C concentration =   Min(Yi) = 2.373842508e-36  Max(Yi) = 0.009999893553
GAMG:  Solving for p, Initial residual = 1.088015571e-06, Final residual = 6.397845853e-07, No Iterations 1
time step continuity errors : sum local = 9.456159852e-07, global = -4.173177817e-09, cumulative = 8.426625803e-08
BiCGStab:  Solving for C, Initial residual = 1.01354438e-06, Final residual = 5.086596056e-11, No Iterations 1
C concentration =   Min(Yi) = 2.373788401e-36  Max(Yi) = 0.009999893568
GAMG:  Solving for p, Initial residual = 9.797076585e-07, Final residual = 9.797076585e-07, No Iterations 0
time step continuity errors : sum local = 1.448030644e-06, global = -7.126719366e-09, cumulative = 7.713953867e-08
BiCGStab:  Solving for C, Initial residual = 1.010423651e-06, Final residual = 5.034613054e-11, No Iterations 1
C concentration =   Min(Yi) = 2.373734313e-36  Max(Yi) = 0.009999893583
GAMG:  Solving for p, Initial residual = 1.098398703e-06, Final residual = 8.477554879e-07, No Iterations 1
time step continuity errors : sum local = 1.253002246e-06, global = -6.594446661e-09, cumulative = 7.0545092e-08
BiCGStab:  Solving for C, Initial residual = 1.007077163e-06, Final residual = 4.942093369e-11, No Iterations 1
C concentration =   Min(Yi) = 2.373680243e-36  Max(Yi) = 0.009999893598
GAMG:  Solving for p, Initial residual = 1.063658283e-06, Final residual = 4.742698976e-07, No Iterations 2
time step continuity errors : sum local = 7.009839882e-07, global = -3.888214745e-09, cumulative = 6.665687726e-08
BiCGStab:  Solving for C, Initial residual = 1.004059053e-06, Final residual = 4.884946501e-11, No Iterations 1
C concentration =   Min(Yi) = 2.373626191e-36  Max(Yi) = 0.009999893613
GAMG:  Solving for p, Initial residual = 9.109118857e-07, Final residual = 9.109118857e-07, No Iterations 0
time step continuity errors : sum local = 1.346405839e-06, global = -8.383058891e-09, cumulative = 5.827381837e-08
BiCGStab:  Solving for C, Initial residual = 1.001032936e-06, Final residual = 4.842699574e-11, No Iterations 1
C concentration =   Min(Yi) = 2.373572157e-36  Max(Yi) = 0.009999893628
GAMG:  Solving for p, Initial residual = 9.890422647e-07, Final residual = 9.890422647e-07, No Iterations 0
time step continuity errors : sum local = 1.461889228e-06, global = -9.155402748e-09, cumulative = 4.911841562e-08
BiCGStab:  Solving for C, Initial residual = 9.98150593e-07, Final residual = 9.98150593e-07, No Iterations 0
C concentration =   Min(Yi) = 2.373572157e-36  Max(Yi) = 0.009999893628

STEADYSTATE solution converged in 10 iterations

ExecutionTime = 4.01 s  ClockTime = 4 s

Courant Number mean: 1.336044652 max: 38.1577608 velocity magnitude: 0.0002326264244
Mesh Courant Number mean: 3.285500002e-06 max: 0.004998481235
deltaT = 5.25170846
Time = 14296.90105

DICPCG:  Solving for cellMotionUx, Initial residual = 5.909518453e-05, Final residual = 8.43852004e-07, No Iterations 2
DICPCG:  Solving for cellMotionUy, Initial residual = 2.902227922e-05, Final residual = 3.052175137e-07, No Iterations 2

STEADYSTATE: convergence criteria
    field p	 tolerance 1e-06
    field U	 tolerance 1e-06
    field C	 tolerance 1e-06

GAMG:  Solving for p, Initial residual = 1.14713208e-06, Final residual = 5.778279438e-07, No Iterations 2
time step continuity errors : sum local = 8.540783535e-07, global = -4.335921096e-09, cumulative = 4.478249452e-08
BiCGStab:  Solving for C, Initial residual = 1.043438553e-06, Final residual = 5.818227076e-11, No Iterations 1
C concentration =   Min(Yi) = 2.37351814e-36  Max(Yi) = 0.009999893643
GAMG:  Solving for p, Initial residual = 1.054197967e-06, Final residual = 9.282293036e-07, No Iterations 1
time step continuity errors : sum local = 1.372057952e-06, global = -4.335013152e-09, cumulative = 4.044748137e-08
BiCGStab:  Solving for C, Initial residual = 1.037657919e-06, Final residual = 5.634955363e-11, No Iterations 1
C concentration =   Min(Yi) = 2.373464142e-36  Max(Yi) = 0.009999893658
GAMG:  Solving for p, Initial residual = 9.980080729e-07, Final residual = 9.980080729e-07, No Iterations 0
time step continuity errors : sum local = 1.475244857e-06, global = -7.157286924e-09, cumulative = 3.329019445e-08
BiCGStab:  Solving for C, Initial residual = 1.032681681e-06, Final residual = 5.503628159e-11, No Iterations 1
C concentration =   Min(Yi) = 2.373410161e-36  Max(Yi) = 0.009999893673
GAMG:  Solving for p, Initial residual = 1.059632858e-06, Final residual = 8.838280179e-07, No Iterations 1
time step continuity errors : sum local = 1.306465132e-06, global = -2.643733972e-09, cumulative = 3.064646048e-08
BiCGStab:  Solving for C, Initial residual = 1.027859825e-06, Final residual = 5.364172731e-11, No Iterations 1
C concentration =   Min(Yi) = 2.373356197e-36  Max(Yi) = 0.009999893687
GAMG:  Solving for p, Initial residual = 1.071562996e-06, Final residual = 7.306428871e-07, No Iterations 1
time step continuity errors : sum local = 1.080068802e-06, global = -2.68474831e-09, cumulative = 2.796171217e-08
BiCGStab:  Solving for C, Initial residual = 1.023478357e-06, Final residual = 5.260005865e-11, No Iterations 1
C concentration =   Min(Yi) = 2.373302251e-36  Max(Yi) = 0.009999893702
GAMG:  Solving for p, Initial residual = 1.01598107e-06, Final residual = 5.396141633e-07, No Iterations 1
time step continuity errors : sum local = 7.977044445e-07, global = -2.558791517e-09, cumulative = 2.540292065e-08
BiCGStab:  Solving for C, Initial residual = 1.019332231e-06, Final residual = 5.169161748e-11, No Iterations 1
C concentration =   Min(Yi) = 2.373248323e-36  Max(Yi) = 0.009999893717
GAMG:  Solving for p, Initial residual = 8.93340154e-07, Final residual = 8.93340154e-07, No Iterations 0
time step continuity errors : sum local = 1.320632752e-06, global = -2.534079987e-09, cumulative = 2.286884066e-08
BiCGStab:  Solving for C, Initial residual = 1.014982608e-06, Final residual = 5.077284433e-11, No Iterations 1
C concentration =   Min(Yi) = 2.373194412e-36  Max(Yi) = 0.009999893731
GAMG:  Solving for p, Initial residual = 9.5763458e-07, Final residual = 9.5763458e-07, No Iterations 0
time step continuity errors : sum local = 1.415679803e-06, global = -1.693753082e-09, cumulative = 2.117508758e-08
BiCGStab:  Solving for C, Initial residual = 1.011109863e-06, Final residual = 5.003535261e-11, No Iterations 1
C concentration =   Min(Yi) = 2.373140518e-36  Max(Yi) = 0.009999893746
GAMG:  Solving for p, Initial residual = 1.029331479e-06, Final residual = 3.794752513e-07, No Iterations 1
time step continuity errors : sum local = 5.609816834e-07, global = -1.284627017e-09, cumulative = 1.989046056e-08
BiCGStab:  Solving for C, Initial residual = 1.007814747e-06, Final residual = 4.957073307e-11, No Iterations 1
C concentration =   Min(Yi) = 2.373086643e-36  Max(Yi) = 0.00999989376
GAMG:  Solving for p, Initial residual = 7.971360215e-07, Final residual = 7.971360215e-07, No Iterations 0
time step continuity errors : sum local = 1.178413324e-06, global = -1.809868997e-10, cumulative = 1.970947366e-08
BiCGStab:  Solving for C, Initial residual = 1.003928852e-06, Final residual = 4.88591956e-11, No Iterations 1
C concentration =   Min(Yi) = 2.373032784e-36  Max(Yi) = 0.009999893775
GAMG:  Solving for p, Initial residual = 8.51364997e-07, Final residual = 8.51364997e-07, No Iterations 0
time step continuity errors : sum local = 1.258580519e-06, global = 6.21336805e-10, cumulative = 2.033081047e-08
BiCGStab:  Solving for C, Initial residual = 1.000493976e-06, Final residual = 4.835655416e-11, No Iterations 1
C concentration =   Min(Yi) = 2.372978943e-36  Max(Yi) = 0.009999893789
GAMG:  Solving for p, Initial residual = 9.126013561e-07, Final residual = 9.126013561e-07, No Iterations 0
time step continuity errors : sum local = 1.349106795e-06, global = 1.420969808e-09, cumulative = 2.175178028e-08
BiCGStab:  Solving for C, Initial residual = 9.971736626e-07, Final residual = 9.971736626e-07, No Iterations 0
C concentration =   Min(Yi) = 2.372978943e-36  Max(Yi) = 0.009999893789

STEADYSTATE solution converged in 12 iterations

ExecutionTime = 4.91 s  ClockTime = 5 s

Courant Number mean: 1.336052034 max: 38.16378625 velocity magnitude: 0.0002326631516
Mesh Courant Number mean: 3.285426142e-06 max: 0.004998343647
deltaT = 5.25170846
Time = 14302.15276

DICPCG:  Solving for cellMotionUx, Initial residual = 2.779844136e-05, Final residual = 4.951685279e-07, No Iterations 2
DICPCG:  Solving for cellMotionUy, Initial residual = 9.582813024e-06, Final residual = 4.305316899e-07, No Iterations 1

STEADYSTATE: convergence criteria
    field p	 tolerance 1e-06
    field U	 tolerance 1e-06
    field C	 tolerance 1e-06

GAMG:  Solving for p, Initial residual = 1.001194315e-06, Final residual = 4.20823757e-07, No Iterations 1
time step continuity errors : sum local = 6.22106925e-07, global = 1.508588577e-09, cumulative = 2.326036885e-08
BiCGStab:  Solving for C, Initial residual = 1.044128234e-06, Final residual = 5.895670528e-11, No Iterations 1
C concentration =   Min(Yi) = 2.372925118e-36  Max(Yi) = 0.009999893804
GAMG:  Solving for p, Initial residual = 7.565017273e-07, Final residual = 7.565017273e-07, No Iterations 0
time step continuity errors : sum local = 1.118340598e-06, global = 2.747951246e-09, cumulative = 2.60083201e-08
BiCGStab:  Solving for C, Initial residual = 1.038164167e-06, Final residual = 5.725705537e-11, No Iterations 1
C concentration =   Min(Yi) = 2.372871311e-36  Max(Yi) = 0.009999893818
GAMG:  Solving for p, Initial residual = 7.957971455e-07, Final residual = 7.957971455e-07, No Iterations 0
time step continuity errors : sum local = 1.176431235e-06, global = 3.489987285e-09, cumulative = 2.949830738e-08
BiCGStab:  Solving for C, Initial residual = 1.032412933e-06, Final residual = 5.573003824e-11, No Iterations 1
C concentration =   Min(Yi) = 2.37281752e-36  Max(Yi) = 0.009999893833
GAMG:  Solving for p, Initial residual = 8.440870389e-07, Final residual = 8.440870389e-07, No Iterations 0
time step continuity errors : sum local = 1.247818454e-06, global = 4.231078948e-09, cumulative = 3.372938633e-08
BiCGStab:  Solving for C, Initial residual = 1.027124602e-06, Final residual = 5.44242461e-11, No Iterations 1
C concentration =   Min(Yi) = 2.372763747e-36  Max(Yi) = 0.009999893848
GAMG:  Solving for p, Initial residual = 9.003180758e-07, Final residual = 9.003180758e-07, No Iterations 0
time step continuity errors : sum local = 1.33094511e-06, global = 4.97108702e-09, cumulative = 3.870047335e-08
BiCGStab:  Solving for C, Initial residual = 1.022151841e-06, Final residual = 5.328640074e-11, No Iterations 1
C concentration =   Min(Yi) = 2.37270999e-36  Max(Yi) = 0.009999893862
GAMG:  Solving for p, Initial residual = 9.634130812e-07, Final residual = 9.634130812e-07, No Iterations 0
time step continuity errors : sum local = 1.424218809e-06, global = 5.709898449e-09, cumulative = 4.44103718e-08
BiCGStab:  Solving for C, Initial residual = 1.017441159e-06, Final residual = 5.23121309e-11, No Iterations 1
C concentration =   Min(Yi) = 2.37265625e-36  Max(Yi) = 0.009999893876
GAMG:  Solving for p, Initial residual = 1.032120483e-06, Final residual = 8.144267305e-07, No Iterations 1
time step continuity errors : sum local = 1.203971484e-06, global = 3.271169927e-09, cumulative = 4.768154173e-08
BiCGStab:  Solving for C, Initial residual = 1.013193767e-06, Final residual = 5.152482198e-11, No Iterations 1
C concentration =   Min(Yi) = 2.372602528e-36  Max(Yi) = 0.009999893891
GAMG:  Solving for p, Initial residual = 9.284363815e-07, Final residual = 9.284363815e-07, No Iterations 0
time step continuity errors : sum local = 1.372498261e-06, global = 5.956669797e-09, cumulative = 5.363821153e-08
BiCGStab:  Solving for C, Initial residual = 1.008705429e-06, Final residual = 5.075908043e-11, No Iterations 1
C concentration =   Min(Yi) = 2.372548822e-36  Max(Yi) = 0.009999893905
GAMG:  Solving for p, Initial residual = 9.850648903e-07, Final residual = 9.850648903e-07, No Iterations 0
time step continuity errors : sum local = 1.456211624e-06, global = 6.420480627e-09, cumulative = 6.005869215e-08
BiCGStab:  Solving for C, Initial residual = 1.004577932e-06, Final residual = 5.012253606e-11, No Iterations 1
C concentration =   Min(Yi) = 2.372495133e-36  Max(Yi) = 0.00999989392
GAMG:  Solving for p, Initial residual = 1.045832634e-06, Final residual = 9.28323782e-07, No Iterations 1
time step continuity errors : sum local = 1.372331811e-06, global = 2.927371226e-09, cumulative = 6.298606338e-08
BiCGStab:  Solving for C, Initial residual = 1.001194186e-06, Final residual = 4.969430701e-11, No Iterations 1
C concentration =   Min(Yi) = 2.372441461e-36  Max(Yi) = 0.009999893934
GAMG:  Solving for p, Initial residual = 1.005265522e-06, Final residual = 8.031853532e-07, No Iterations 1
time step continuity errors : sum local = 1.187309318e-06, global = 2.533389766e-09, cumulative = 6.551945315e-08
BiCGStab:  Solving for C, Initial residual = 9.974700187e-07, Final residual = 9.974700187e-07, No Iterations 0
C concentration =   Min(Yi) = 2.372441461e-36  Max(Yi) = 0.009999893934
GAMG:  Solving for p, Initial residual = 9.683349725e-07, Final residual = 9.683349725e-07, No Iterations 0
time step continuity errors : sum local = 1.431403371e-06, global = 4.653098546e-09, cumulative = 7.017255169e-08
BiCGStab:  Solving for C, Initial residual = 9.981037536e-07, Final residual = 9.981037536e-07, No Iterations 0
C concentration =   Min(Yi) = 2.372441461e-36  Max(Yi) = 0.009999893934

STEADYSTATE solution converged in 12 iterations

ExecutionTime = 5.79 s  ClockTime = 6 s

Courant Number mean: 1.336053584 max: 38.16870722 velocity magnitude: 0.0002326931453
Mesh Courant Number mean: 3.285375623e-06 max: 0.004998152711
deltaT = 5.25170846
Time = 14307.40446

DICPCG:  Solving for cellMotionUx, Initial residual = 3.205498895e-05, Final residual = 5.172617712e-07, No Iterations 2
DICPCG:  Solving for cellMotionUy, Initial residual = 1.356545782e-05, Final residual = 6.855978756e-07, No Iterations 1

STEADYSTATE: convergence criteria
    field p	 tolerance 1e-06
    field U	 tolerance 1e-06
    field C	 tolerance 1e-06

GAMG:  Solving for p, Initial residual = 1.121279096e-06, Final residual = 4.337249489e-07, No Iterations 1
time step continuity errors : sum local = 6.411363192e-07, global = 3.977195754e-09, cumulative = 7.414974745e-08
BiCGStab:  Solving for C, Initial residual = 1.046047778e-06, Final residual = 6.061635712e-11, No Iterations 1
C concentration =   Min(Yi) = 2.372387806e-36  Max(Yi) = 0.009999893949
GAMG:  Solving for p, Initial residual = 8.431949013e-07, Final residual = 8.431949013e-07, No Iterations 0
time step continuity errors : sum local = 1.246410312e-06, global = 4.111881502e-09, cumulative = 7.826162895e-08
BiCGStab:  Solving for C, Initial residual = 1.040079025e-06, Final residual = 5.897423981e-11, No Iterations 1
C concentration =   Min(Yi) = 2.372334166e-36  Max(Yi) = 0.009999893964
GAMG:  Solving for p, Initial residual = 8.482931107e-07, Final residual = 8.482931107e-07, No Iterations 0
time step continuity errors : sum local = 1.253946469e-06, global = 3.897224401e-09, cumulative = 8.215885335e-08
BiCGStab:  Solving for C, Initial residual = 1.033997945e-06, Final residual = 5.739874625e-11, No Iterations 1
C concentration =   Min(Yi) = 2.372280543e-36  Max(Yi) = 0.009999893978
GAMG:  Solving for p, Initial residual = 8.621391605e-07, Final residual = 8.621391605e-07, No Iterations 0
time step continuity errors : sum local = 1.274413679e-06, global = 3.686086423e-09, cumulative = 8.584493977e-08
BiCGStab:  Solving for C, Initial residual = 1.028403289e-06, Final residual = 5.603338425e-11, No Iterations 1
C concentration =   Min(Yi) = 2.372226937e-36  Max(Yi) = 0.009999893993
GAMG:  Solving for p, Initial residual = 8.839849232e-07, Final residual = 8.839849232e-07, No Iterations 0
time step continuity errors : sum local = 1.30670606e-06, global = 3.47822379e-09, cumulative = 8.932316356e-08
BiCGStab:  Solving for C, Initial residual = 1.023122472e-06, Final residual = 5.484679854e-11, No Iterations 1
C concentration =   Min(Yi) = 2.372173347e-36  Max(Yi) = 0.009999894007
GAMG:  Solving for p, Initial residual = 9.136888955e-07, Final residual = 9.136888955e-07, No Iterations 0
time step continuity errors : sum local = 1.350614443e-06, global = 3.273432526e-09, cumulative = 9.259659609e-08
BiCGStab:  Solving for C, Initial residual = 1.018081008e-06, Final residual = 5.383036593e-11, No Iterations 1
C concentration =   Min(Yi) = 2.372119774e-36  Max(Yi) = 0.009999894022
GAMG:  Solving for p, Initial residual = 9.505701694e-07, Final residual = 9.505701694e-07, No Iterations 0
time step continuity errors : sum local = 1.405132307e-06, global = 3.071543687e-09, cumulative = 9.566813978e-08
BiCGStab:  Solving for C, Initial residual = 1.013252328e-06, Final residual = 5.297953118e-11, No Iterations 1
C concentration =   Min(Yi) = 2.372066217e-36  Max(Yi) = 0.009999894037
GAMG:  Solving for p, Initial residual = 9.937591122e-07, Final residual = 9.937591122e-07, No Iterations 0
time step continuity errors : sum local = 1.468974164e-06, global = 2.872416351e-09, cumulative = 9.854055613e-08
BiCGStab:  Solving for C, Initial residual = 1.008616869e-06, Final residual = 5.221765185e-11, No Iterations 1
C concentration =   Min(Yi) = 2.372012677e-36  Max(Yi) = 0.009999894051
GAMG:  Solving for p, Initial residual = 1.042307882e-06, Final residual = 4.782477248e-07, No Iterations 1
time step continuity errors : sum local = 7.069455125e-07, global = 3.652643684e-09, cumulative = 1.021931998e-07
BiCGStab:  Solving for C, Initial residual = 1.003938567e-06, Final residual = 5.13814129e-11, No Iterations 1
C concentration =   Min(Yi) = 2.371959154e-36  Max(Yi) = 0.009999894065
GAMG:  Solving for p, Initial residual = 7.878274331e-07, Final residual = 7.878274331e-07, No Iterations 0
time step continuity errors : sum local = 1.164559516e-06, global = 2.845692828e-09, cumulative = 1.050388926e-07
BiCGStab:  Solving for C, Initial residual = 9.997525462e-07, Final residual = 9.997525462e-07, No Iterations 0
C concentration =   Min(Yi) = 2.371959154e-36  Max(Yi) = 0.009999894065

STEADYSTATE solution converged in 10 iterations

ExecutionTime = 6.59 s  ClockTime = 7 s

Courant Number mean: 1.336049124 max: 38.17170354 velocity magnitude: 0.0002327114056
Mesh Courant Number mean: 3.285329029e-06 max: 0.00499794925
deltaT = 5.25170846
Time = 14312.65617

DICPCG:  Solving for cellMotionUx, Initial residual = 2.972143557e-05, Final residual = 4.839456255e-07, No Iterations 2
DICPCG:  Solving for cellMotionUy, Initial residual = 1.399173698e-05, Final residual = 7.265707614e-07, No Iterations 1

STEADYSTATE: convergence criteria
    field p	 tolerance 1e-06
    field U	 tolerance 1e-06
    field C	 tolerance 1e-06

GAMG:  Solving for p, Initial residual = 9.499163808e-07, Final residual = 9.499163808e-07, No Iterations 0
time step continuity errors : sum local = 1.404156533e-06, global = 2.722252905e-09, cumulative = 1.077611455e-07
BiCGStab:  Solving for C, Initial residual = 1.049804371e-06, Final residual = 6.315691223e-11, No Iterations 1
C concentration =   Min(Yi) = 2.371905646e-36  Max(Yi) = 0.00999989408
GAMG:  Solving for p, Initial residual = 9.657929518e-07, Final residual = 9.657929518e-07, No Iterations 0
time step continuity errors : sum local = 1.427625107e-06, global = 2.598717607e-09, cumulative = 1.103598632e-07
BiCGStab:  Solving for C, Initial residual = 1.042722354e-06, Final residual = 6.128848445e-11, No Iterations 1
C concentration =   Min(Yi) = 2.371852155e-36  Max(Yi) = 0.009999894095
